-104.03412 31.93553 9.67058467742
-103.8458 31.5542 7.26633602151
-104.301444 31.774145 15.921
-103.86697 31.37045 10.772687052
-103.66793 31.57935 12.9183947133
-104.50077 31.66864 11.1308938172
-104.514453 31.75299 10.9986653226
-103.9577 31.2133 12.1441532258
-103.754585 31.283607 15.4345878136
-103.510147 31.408922 13.134311828
-103.78112 30.94367 19.5108207885
-103.21825 31.6472 17.924516129
-103.3227 31.2804 18.6044601254
-103.2694 31.18697 19.0081312724
-103.252 31.12496 20.431140233
-103.099701 31.303087 20.4052508961
-103.06216 31.341918 19.5493391577
-103.3247 30.91978 24.5249546371
-104.98515 30.7866 25.3761102151
-102.76141 31.34023 24.6987197581
-103.63852 30.37448 27.6922150538
-102.90736 30.89174 26.9816572581
-102.54913 32.12009 26.7092600806
-102.25277 32.00061 31.0355129928
-102.037907 31.19806 34.7853046595
-101.7999756 31.9779827 37.1375515233
-101.8597158 32.6265397 39.6453951613
-102.12331 29.95471 44.4879702061
-101.50105 33.0662 46.0500166331
-101.12639 31.91436 46.6274937276
-101.12708 30.92195 45.9032871864
-101.060724 32.782579 48.8458225806
-100.94118 32.92429 51.0626861559
-100.91106 32.86452 52.7397535842
-100.86952 32.89878 51.227515233
-100.89172 33.09092 52.6062423835
-100.739412 32.672969 51.802108871
-100.72388 33.04918 55.6003100358
-100.92365 33.66653 55.9619231631
