0.0 4.8455005
0.24752475247524752 4.9995003
0.49504950495049505 5.1535
0.7425742574257426 5.3075
0.9900990099009901 5.4615
1.2376237623762376 5.6155005
1.4851485148514851 5.7695
1.7326732673267327 5.9235
1.9801980198019802 6.0775003
2.227722772277228 6.0775003
2.4752475247524752 6.0775003
2.7227722772277225 6.0775003
2.9702970297029703 6.0775003
3.217821782178218 6.0775003
3.4653465346534653 6.0775003
3.7128712871287126 6.0775003
3.9603960396039604 6.0775003
4.207920792079208 6.1314
4.455445544554456 6.1853004
4.702970297029703 6.2392
4.9504950495049505 6.2931004
5.198019801980198 6.347
5.445544554455445 6.4009
5.693069306930693 6.4548
5.9405940594059405 6.5087
6.188118811881188 6.5087
6.435643564356436 6.5087
6.683168316831683 6.5087
6.930693069306931 6.5087
7.178217821782178 6.5087
7.425742574257425 6.5087
7.673267326732673 6.5087
7.920792079207921 6.5087
8.168316831683168 6.5285
8.415841584158416 6.5483003
8.663366336633663 6.5681005
8.910891089108912 6.5879
9.158415841584159 6.6077003
9.405940594059405 6.6275
9.653465346534654 6.6473002
9.900990099009901 6.6671
10.148514851485148 6.6671
10.396039603960396 6.6671
10.643564356435643 6.6671
10.89108910891089 6.6671
11.138613861386139 6.6671
11.386138613861386 6.6671
11.633663366336634 6.6671
11.881188118811881 6.6671
12.128712871287128 6.6671
12.376237623762377 6.6671
12.623762376237623 6.6671
12.871287128712872 6.6671
13.118811881188119 6.6671
13.366336633663366 6.6671
13.613861386138614 6.6671
13.861386138613861 6.6671
14.108910891089108 6.6671
14.356435643564357 6.6671
14.603960396039604 6.6671
14.85148514851485 6.6671
15.099009900990099 6.6671
15.346534653465346 6.6671
15.594059405940595 6.6671
15.841584158415841 6.6671
16.08910891089109 6.6671
16.336633663366335 6.6671
16.584158415841586 6.6671
16.831683168316832 6.6671
17.07920792079208 6.6671
17.326732673267326 6.6671
17.574257425742573 6.6671
17.821782178217823 6.6671
18.06930693069307 6.6671
18.316831683168317 6.6671
18.564356435643564 6.6671
18.81188118811881 6.6671
19.059405940594058 6.6671
19.306930693069308 6.6671
19.554455445544555 6.6671
19.801980198019802 6.6671
20.04950495049505 6.6671
20.297029702970296 6.6671
20.544554455445546 6.6671
20.792079207920793 6.6671
21.03960396039604 6.6671
21.287128712871286 6.6671
21.534653465346533 6.6671
21.78217821782178 6.6671
22.02970297029703 6.6671
22.277227722772277 6.6671
22.524752475247524 6.6671
22.77227722772277 6.6671
23.019801980198018 6.6671
23.26732673267327 6.6671
23.514851485148515 6.6671
23.762376237623762 6.6671
24.00990099009901 6.6671
24.257425742574256 6.6671
24.504950495049506 6.6671
24.752475247524753 6.6671
